$ 1 0.000005 1.2182493960703473 50 5 50
t 112 384 160 384 0 1 -39.99999999994 4.999999999801981e-11 100
r 112 384 64 384 0 1000
g 160 400 160 416 0
r 160 368 160 304 0 100
R 160 304 160 256 0 0 40 40 0 0 0.5
f 160 368 224 368 0 1.5
g 224 384 224 416 0
w 224 352 224 240 1
f 224 240 304 240 1 1.5
f 368 240 448 240 1 1.5
w 304 256 368 240 0
r 368 240 368 400 0 500000
g 368 400 368 416 0
r 224 240 224 176 0 200000
w 224 176 304 176 0
w 304 176 304 224 0
w 304 176 448 176 0
w 448 176 448 224 1
R 304 176 304 128 0 0 40 600 0 0 0.5
R 64 384 32 384 0 2 100 2.5 2.5 0 0.5
r 448 256 448 400 0 10000
g 448 400 448 416 0
w 224 240 208 240 0
w 224 176 208 176 0
p 208 176 208 240 0
p 496 288 496 384 1
w 448 400 496 384 0
w 448 256 528 256 0
w 496 288 528 256 0
o 24 64 0 550 640 0.00009765625 0 -1
o 25 64 0 550 640 0.00009765625 1 -1
